16k
C 1:
1178
1138
1139
1150
1138
1145
1192
1140
1148
1133
1136
1147
1135
1141
1146
1138
1135
1136
1130
1140

ASM 1:
373
364
360
388
358
368
401
378
356
355
359
365
358
354
357
360
355
368
356
359

C 2:
654
650
632
665
653
609
631
631
638
610
619
614
619
611
612
622
629
614
619
620

ASM 2:
323
291
289
293
296
290
288
286
286
289
291
289
286
290
293
288
290
286
288
287

C 3:
466
470
492
439
476
490
453
456
476
453
444
428
447
461
478
518
469
463
462
479

ASM 3:
301
294
291
295
293
290
296
285
286
290
296
285
283
284
287
286
286
292
285
285

C 4:
425
421
413
416
391
402
387
403
411
400
408
405
392
405
421
403
381
396
388
395

ASM 4:
293
290
287
289
289
289
292
297
294
293
289
288
305
296
289
287
285
285
283
284

C 6:
331
340
322
326
320
351
328
316
342
338
358
337
325
323
325
331
319
325
324
331

C 7:
316
320
309
346
352
315
346
367
362
322
310
309
313
311
315
300
315
314
312
315

C 8:
328
350
314
324
331
333
326
335
343
349
335
321
322
314
317
313
325
318
319
328

ASM 8:
326
304
297
304
300
304
293
308
317
358
343
327
318
304
299
299
303
301
300
297

C 64:
331
327
317
354
345
315
349
352
352
343
309
315
337
323
309
308
314
309
311
311

ASM 64:
303
296
294
299
298
294
305
293
295
293
294
295
294
297
294
300
297
301
296
295